
PriceGH₵9,860,000, 5, 6, 2, 960 m2, 
PriceGH₵1,604,476, 4, 4, 2, 297 m2, 
PriceGH₵1,500,000, 3, 3, 2, 136 m2, 
PriceGH₵400,000, 2, 2, 
PriceGH₵1,196,558, 4, 4, 6, 
PriceGH₵2,312,000, 4, 5, 2, 205 m2, 
PriceGH₵928,000, 3, 3, 2, 
PriceGH₵9,518,075, 6, 6, 2, 856 m2, 
PriceGH₵1,903,615, 4, 4, 400 m2, 
PriceGH₵2,249,600, 3, 4, 
PriceGH₵7,070,570, 5, 5, 2, 
PriceGH₵3,535,285, 6, 8, 
PriceGH₵2,100,000, 3, 4, 
PriceGH₵1,462,500, 5, 4, 
Price:GH₵1,686,059, 3, 4, 1,000 m2, 
Price:GH₵400,000, 3, 4, 10, 100 m2, 
Price:GH₵1,441,309, 4, 5, 1,000 m2, 
Price:GH₵1,740,448, 4, 5, 1, 560 m2, 
PriceGH₵1,087,780, 4, 4, 
PriceGH₵421,515, 2, 2, 2, 94 m2, 
PriceGH₵435,000, 2, 2, 117 m2, 
PriceGH₵459,575, 2, 1, 92 m2, 
PriceGH₵9,860,000, 5, 6, 2, 960 m2, 
PriceGH₵1,604,476, 4, 4, 2, 297 m2, 
PriceGH₵1,500,000, 3, 3, 2, 136 m2, 
PriceGH₵400,000, 2, 2, 
PriceGH₵1,196,558, 4, 4, 6, 
PriceGH₵2,312,000, 4, 5, 2, 205 m2, 
PriceGH₵928,000, 3, 3, 2, 
PriceGH₵9,518,075, 6, 6, 2, 856 m2, 
PriceGH₵1,903,615, 4, 4, 400 m2, 
PriceGH₵2,249,600, 3, 4, 
PriceGH₵7,070,570, 5, 5, 2, 
PriceGH₵3,535,285, 6, 8, 
PriceGH₵2,100,000, 3, 4, 
PriceGH₵1,462,500, 5, 4, 
Price:GH₵1,686,059, 3, 4, 1,000 m2, 
Price:GH₵400,000, 3, 4, 10, 100 m2, 
Price:GH₵1,441,309, 4, 5, 1,000 m2, 
Price:GH₵1,740,448, 4, 5, 1, 560 m2, 
PriceGH₵1,087,780, 4, 4, 
PriceGH₵421,515, 2, 2, 2, 94 m2, 
PriceGH₵435,000, 2, 2, 117 m2, 
PriceGH₵459,575, 2, 1, 92 m2, 
PriceGH₵9,860,000, 5, 6, 2, 960 m2, 
PriceGH₵1,604,476, 4, 4, 2, 297 m2, 
PriceGH₵1,500,000, 3, 3, 2, 136 m2, 
PriceGH₵400,000, 2, 2, 
PriceGH₵1,196,558, 4, 4, 6, 
PriceGH₵2,312,000, 4, 5, 2, 205 m2, 
PriceGH₵928,000, 3, 3, 2, 
PriceGH₵9,518,075, 6, 6, 2, 856 m2, 
PriceGH₵1,903,615, 4, 4, 400 m2, 
PriceGH₵2,249,600, 3, 4, 
PriceGH₵7,070,570, 5, 5, 2, 
PriceGH₵3,535,285, 6, 8, 
PriceGH₵2,100,000, 3, 4, 
PriceGH₵1,462,500, 5, 4, 
Price:GH₵1,686,059, 3, 4, 1,000 m2, 
Price:GH₵400,000, 3, 4, 10, 100 m2, 
Price:GH₵1,441,309, 4, 5, 1,000 m2, 
Price:GH₵1,740,448, 4, 5, 1, 560 m2, 
PriceGH₵1,087,780, 4, 4, 
PriceGH₵421,515, 2, 2, 2, 94 m2, 
PriceGH₵435,000, 2, 2, 117 m2, 
PriceGH₵459,575, 2, 1, 92 m2, 
PriceGH₵9,860,000, 5, 6, 2, 960 m2, 
PriceGH₵1,604,476, 4, 4, 2, 297 m2, 
PriceGH₵1,500,000, 3, 3, 2, 136 m2, 
PriceGH₵400,000, 2, 2, 
PriceGH₵1,196,558, 4, 4, 6, 
PriceGH₵2,312,000, 4, 5, 2, 205 m2, 
PriceGH₵928,000, 3, 3, 2, 
PriceGH₵9,518,075, 6, 6, 2, 856 m2, 
PriceGH₵1,903,615, 4, 4, 400 m2, 
PriceGH₵2,249,600, 3, 4, 
PriceGH₵7,070,570, 5, 5, 2, 
PriceGH₵3,535,285, 6, 8, 
PriceGH₵2,100,000, 3, 4, 
PriceGH₵1,462,500, 5, 4, 
Price:GH₵1,686,059, 3, 4, 1,000 m2, 
Price:GH₵400,000, 3, 4, 10, 100 m2, 
Price:GH₵1,441,309, 4, 5, 1,000 m2, 
Price:GH₵1,740,448, 4, 5, 1, 560 m2, 
PriceGH₵1,087,780, 4, 4, 
PriceGH₵421,515, 2, 2, 2, 94 m2, 
PriceGH₵435,000, 2, 2, 117 m2, 
PriceGH₵459,575, 2, 1, 92 m2, 
PriceGH₵9,860,000, 5, 6, 2, 960 m2, 
PriceGH₵1,604,476, 4, 4, 2, 297 m2, 
PriceGH₵1,500,000, 3, 3, 2, 136 m2, 
PriceGH₵400,000, 2, 2, 
PriceGH₵1,196,558, 4, 4, 6, 
PriceGH₵2,312,000, 4, 5, 2, 205 m2, 
PriceGH₵928,000, 3, 3, 2, 
PriceGH₵9,518,075, 6, 6, 2, 856 m2, 
PriceGH₵1,903,615, 4, 4, 400 m2, 
PriceGH₵2,249,600, 3, 4, 
PriceGH₵7,070,570, 5, 5, 2, 
PriceGH₵3,535,285, 6, 8, 
PriceGH₵2,100,000, 3, 4, 
PriceGH₵1,462,500, 5, 4, 
Price:GH₵1,686,059, 3, 4, 1,000 m2, 
Price:GH₵400,000, 3, 4, 10, 100 m2, 
Price:GH₵1,441,309, 4, 5, 1,000 m2, 
Price:GH₵1,740,448, 4, 5, 1, 560 m2, 
PriceGH₵1,087,780, 4, 4, 
PriceGH₵421,515, 2, 2, 2, 94 m2, 
PriceGH₵435,000, 2, 2, 117 m2, 
PriceGH₵459,575, 2, 1, 92 m2, 
PriceGH₵9,860,000, 5, 6, 2, 960 m2, 
PriceGH₵1,604,476, 4, 4, 2, 297 m2, 
PriceGH₵1,500,000, 3, 3, 2, 136 m2, 
PriceGH₵400,000, 2, 2, 
PriceGH₵1,196,558, 4, 4, 6, 
PriceGH₵2,312,000, 4, 5, 2, 205 m2, 
PriceGH₵928,000, 3, 3, 2, 
PriceGH₵9,518,075, 6, 6, 2, 856 m2, 
PriceGH₵1,903,615, 4, 4, 400 m2, 
PriceGH₵2,249,600, 3, 4, 
PriceGH₵7,070,570, 5, 5, 2, 
PriceGH₵3,535,285, 6, 8, 
PriceGH₵2,100,000, 3, 4, 
PriceGH₵1,462,500, 5, 4, 
Price:GH₵1,686,059, 3, 4, 1,000 m2, 
Price:GH₵400,000, 3, 4, 10, 100 m2, 
Price:GH₵1,441,309, 4, 5, 1,000 m2, 
Price:GH₵1,740,448, 4, 5, 1, 560 m2, 
PriceGH₵1,087,780, 4, 4, 
PriceGH₵421,515, 2, 2, 2, 94 m2, 
PriceGH₵435,000, 2, 2, 117 m2, 
PriceGH₵459,575, 2, 1, 92 m2, 
PriceGH₵9,860,000, 5, 6, 2, 960 m2, 
PriceGH₵1,604,476, 4, 4, 2, 297 m2, 
PriceGH₵1,500,000, 3, 3, 2, 136 m2, 
PriceGH₵400,000, 2, 2, 
PriceGH₵1,196,558, 4, 4, 6, 
PriceGH₵2,312,000, 4, 5, 2, 205 m2, 
PriceGH₵928,000, 3, 3, 2, 
PriceGH₵9,518,075, 6, 6, 2, 856 m2, 
PriceGH₵1,903,615, 4, 4, 400 m2, 
PriceGH₵2,249,600, 3, 4, 
PriceGH₵7,070,570, 5, 5, 2, 
PriceGH₵3,535,285, 6, 8, 
PriceGH₵2,100,000, 3, 4, 
PriceGH₵1,462,500, 5, 4, 
Price:GH₵1,686,059, 3, 4, 1,000 m2, 
Price:GH₵400,000, 3, 4, 10, 100 m2, 
Price:GH₵1,441,309, 4, 5, 1,000 m2, 
Price:GH₵1,740,448, 4, 5, 1, 560 m2, 
PriceGH₵1,087,780, 4, 4, 
PriceGH₵421,515, 2, 2, 2, 94 m2, 
PriceGH₵435,000, 2, 2, 117 m2, 
PriceGH₵459,575, 2, 1, 92 m2, 
PriceGH₵9,860,000, 5, 6, 2, 960 m2, 
PriceGH₵1,604,476, 4, 4, 2, 297 m2, 
PriceGH₵1,500,000, 3, 3, 2, 136 m2, 
PriceGH₵400,000, 2, 2, 
PriceGH₵1,196,558, 4, 4, 6, 
PriceGH₵2,312,000, 4, 5, 2, 205 m2, 
PriceGH₵928,000, 3, 3, 2, 
PriceGH₵9,518,075, 6, 6, 2, 856 m2, 
PriceGH₵1,903,615, 4, 4, 400 m2, 
PriceGH₵2,249,600, 3, 4, 
PriceGH₵7,070,570, 5, 5, 2, 
PriceGH₵3,535,285, 6, 8, 
PriceGH₵2,100,000, 3, 4, 
PriceGH₵1,462,500, 5, 4, 
Price:GH₵1,686,059, 3, 4, 1,000 m2, 
Price:GH₵400,000, 3, 4, 10, 100 m2, 
Price:GH₵1,441,309, 4, 5, 1,000 m2, 
Price:GH₵1,740,448, 4, 5, 1, 560 m2, 
PriceGH₵1,087,780, 4, 4, 
PriceGH₵421,515, 2, 2, 2, 94 m2, 
PriceGH₵435,000, 2, 2, 117 m2, 
PriceGH₵459,575, 2, 1, 92 m2, 
PriceGH₵9,860,000, 5, 6, 2, 960 m2, 
PriceGH₵1,604,476, 4, 4, 2, 297 m2, 
PriceGH₵1,500,000, 3, 3, 2, 136 m2, 
PriceGH₵400,000, 2, 2, 
PriceGH₵1,196,558, 4, 4, 6, 
PriceGH₵2,312,000, 4, 5, 2, 205 m2, 
PriceGH₵928,000, 3, 3, 2, 
PriceGH₵9,518,075, 6, 6, 2, 856 m2, 
PriceGH₵1,903,615, 4, 4, 400 m2, 
PriceGH₵2,249,600, 3, 4, 
PriceGH₵7,070,570, 5, 5, 2, 
PriceGH₵3,535,285, 6, 8, 
PriceGH₵2,100,000, 3, 4, 
PriceGH₵1,462,500, 5, 4, 
Price:GH₵1,686,059, 3, 4, 1,000 m2, 
Price:GH₵400,000, 3, 4, 10, 100 m2, 
Price:GH₵1,441,309, 4, 5, 1,000 m2, 
Price:GH₵1,740,448, 4, 5, 1, 560 m2, 
PriceGH₵1,087,780, 4, 4, 
PriceGH₵421,515, 2, 2, 2, 94 m2, 
PriceGH₵435,000, 2, 2, 117 m2, 
PriceGH₵459,575, 2, 1, 92 m2, 
PriceGH₵9,860,000, 5, 6, 2, 960 m2, 
PriceGH₵1,604,476, 4, 4, 2, 297 m2, 
PriceGH₵1,500,000, 3, 3, 2, 136 m2, 
PriceGH₵400,000, 2, 2, 
PriceGH₵1,196,558, 4, 4, 6, 
PriceGH₵2,312,000, 4, 5, 2, 205 m2, 
PriceGH₵928,000, 3, 3, 2, 
PriceGH₵9,518,075, 6, 6, 2, 856 m2, 
PriceGH₵1,903,615, 4, 4, 400 m2, 
PriceGH₵2,249,600, 3, 4, 
PriceGH₵7,070,570, 5, 5, 2, 
PriceGH₵3,535,285, 6, 8, 
PriceGH₵2,100,000, 3, 4, 
PriceGH₵1,462,500, 5, 4, 
Price:GH₵1,686,059, 3, 4, 1,000 m2, 
Price:GH₵400,000, 3, 4, 10, 100 m2, 
Price:GH₵1,441,309, 4, 5, 1,000 m2, 
Price:GH₵1,740,448, 4, 5, 1, 560 m2, 
PriceGH₵1,087,780, 4, 4, 
PriceGH₵421,515, 2, 2, 2, 94 m2, 
PriceGH₵435,000, 2, 2, 117 m2, 
PriceGH₵459,575, 2, 1, 92 m2, 
PriceGH₵9,860,000, 5, 6, 2, 960 m2, 
PriceGH₵1,604,476, 4, 4, 2, 297 m2, 
PriceGH₵1,500,000, 3, 3, 2, 136 m2, 
PriceGH₵400,000, 2, 2, 
PriceGH₵1,196,558, 4, 4, 6, 
PriceGH₵2,312,000, 4, 5, 2, 205 m2, 
PriceGH₵928,000, 3, 3, 2, 
PriceGH₵9,518,075, 6, 6, 2, 856 m2, 
PriceGH₵1,903,615, 4, 4, 400 m2, 
PriceGH₵2,249,600, 3, 4, 
PriceGH₵7,070,570, 5, 5, 2, 
PriceGH₵3,535,285, 6, 8, 
PriceGH₵2,100,000, 3, 4, 
PriceGH₵1,462,500, 5, 4, 
Price:GH₵1,686,059, 3, 4, 1,000 m2, 
Price:GH₵400,000, 3, 4, 10, 100 m2, 
Price:GH₵1,441,309, 4, 5, 1,000 m2, 
Price:GH₵1,740,448, 4, 5, 1, 560 m2, 
PriceGH₵1,087,780, 4, 4, 
PriceGH₵421,515, 2, 2, 2, 94 m2, 
PriceGH₵435,000, 2, 2, 117 m2, 
PriceGH₵459,575, 2, 1, 92 m2, 
PriceGH₵9,860,000, 5, 6, 2, 960 m2, 
PriceGH₵1,604,476, 4, 4, 2, 297 m2, 
PriceGH₵1,500,000, 3, 3, 2, 136 m2, 
PriceGH₵400,000, 2, 2, 
PriceGH₵1,196,558, 4, 4, 6, 
PriceGH₵2,312,000, 4, 5, 2, 205 m2, 
PriceGH₵928,000, 3, 3, 2, 
PriceGH₵9,518,075, 6, 6, 2, 856 m2, 
PriceGH₵1,903,615, 4, 4, 400 m2, 
PriceGH₵2,249,600, 3, 4, 
PriceGH₵7,070,570, 5, 5, 2, 
PriceGH₵3,535,285, 6, 8, 
PriceGH₵2,100,000, 3, 4, 
PriceGH₵1,462,500, 5, 4, 
Price:GH₵1,686,059, 3, 4, 1,000 m2, 
Price:GH₵400,000, 3, 4, 10, 100 m2, 
Price:GH₵1,441,309, 4, 5, 1,000 m2, 
Price:GH₵1,740,448, 4, 5, 1, 560 m2, 
PriceGH₵1,087,780, 4, 4, 
PriceGH₵421,515, 2, 2, 2, 94 m2, 
PriceGH₵435,000, 2, 2, 117 m2, 
PriceGH₵459,575, 2, 1, 92 m2, 
PriceGH₵9,860,000, 5, 6, 2, 960 m2, 
PriceGH₵1,604,476, 4, 4, 2, 297 m2, 
PriceGH₵1,500,000, 3, 3, 2, 136 m2, 
PriceGH₵400,000, 2, 2, 
PriceGH₵1,196,558, 4, 4, 6, 
PriceGH₵2,312,000, 4, 5, 2, 205 m2, 
PriceGH₵928,000, 3, 3, 2, 
PriceGH₵9,518,075, 6, 6, 2, 856 m2, 
PriceGH₵1,903,615, 4, 4, 400 m2, 
PriceGH₵2,249,600, 3, 4, 
PriceGH₵7,070,570, 5, 5, 2, 
PriceGH₵3,535,285, 6, 8, 
PriceGH₵2,100,000, 3, 4, 
PriceGH₵1,462,500, 5, 4, 
Price:GH₵1,686,059, 3, 4, 1,000 m2, 
Price:GH₵400,000, 3, 4, 10, 100 m2, 
Price:GH₵1,441,309, 4, 5, 1,000 m2, 
Price:GH₵1,740,448, 4, 5, 1, 560 m2, 
PriceGH₵1,087,780, 4, 4, 
PriceGH₵421,515, 2, 2, 2, 94 m2, 
PriceGH₵435,000, 2, 2, 117 m2, 
PriceGH₵459,575, 2, 1, 92 m2, 
PriceGH₵9,860,000, 5, 6, 2, 960 m2, 
PriceGH₵1,604,476, 4, 4, 2, 297 m2, 
PriceGH₵1,500,000, 3, 3, 2, 136 m2, 
PriceGH₵400,000, 2, 2, 
PriceGH₵1,196,558, 4, 4, 6, 
PriceGH₵2,312,000, 4, 5, 2, 205 m2, 
PriceGH₵928,000, 3, 3, 2, 
PriceGH₵9,518,075, 6, 6, 2, 856 m2, 
PriceGH₵1,903,615, 4, 4, 400 m2, 
PriceGH₵2,249,600, 3, 4, 
PriceGH₵7,070,570, 5, 5, 2, 
PriceGH₵3,535,285, 6, 8, 
PriceGH₵2,100,000, 3, 4, 
PriceGH₵1,462,500, 5, 4, 
Price:GH₵1,686,059, 3, 4, 1,000 m2, 
Price:GH₵400,000, 3, 4, 10, 100 m2, 
Price:GH₵1,441,309, 4, 5, 1,000 m2, 
Price:GH₵1,740,448, 4, 5, 1, 560 m2, 
PriceGH₵1,087,780, 4, 4, 
PriceGH₵421,515, 2, 2, 2, 94 m2, 
PriceGH₵435,000, 2, 2, 117 m2, 
PriceGH₵459,575, 2, 1, 92 m2, 
PriceGH₵9,860,000, 5, 6, 2, 960 m2, 
PriceGH₵1,604,476, 4, 4, 2, 297 m2, 
PriceGH₵1,500,000, 3, 3, 2, 136 m2, 
PriceGH₵400,000, 2, 2, 
PriceGH₵1,196,558, 4, 4, 6, 
PriceGH₵2,312,000, 4, 5, 2, 205 m2, 
PriceGH₵928,000, 3, 3, 2, 
PriceGH₵9,518,075, 6, 6, 2, 856 m2, 
PriceGH₵1,903,615, 4, 4, 400 m2, 
PriceGH₵2,249,600, 3, 4, 
PriceGH₵7,070,570, 5, 5, 2, 
PriceGH₵3,535,285, 6, 8, 
PriceGH₵2,100,000, 3, 4, 
PriceGH₵1,462,500, 5, 4, 
Price:GH₵1,686,059, 3, 4, 1,000 m2, 
Price:GH₵400,000, 3, 4, 10, 100 m2, 
Price:GH₵1,441,309, 4, 5, 1,000 m2, 
Price:GH₵1,740,448, 4, 5, 1, 560 m2, 
PriceGH₵1,087,780, 4, 4, 
PriceGH₵421,515, 2, 2, 2, 94 m2, 
PriceGH₵435,000, 2, 2, 117 m2, 
PriceGH₵459,575, 2, 1, 92 m2, 
PriceGH₵9,860,000, 5, 6, 2, 960 m2, 
PriceGH₵1,604,476, 4, 4, 2, 297 m2, 
PriceGH₵1,500,000, 3, 3, 2, 136 m2, 
PriceGH₵400,000, 2, 2, 
PriceGH₵1,196,558, 4, 4, 6, 
PriceGH₵2,312,000, 4, 5, 2, 205 m2, 
PriceGH₵928,000, 3, 3, 2, 
PriceGH₵9,518,075, 6, 6, 2, 856 m2, 
PriceGH₵1,903,615, 4, 4, 400 m2, 
PriceGH₵2,249,600, 3, 4, 
PriceGH₵7,070,570, 5, 5, 2, 
PriceGH₵3,535,285, 6, 8, 
PriceGH₵2,100,000, 3, 4, 
PriceGH₵1,462,500, 5, 4, 
Price:GH₵1,686,059, 3, 4, 1,000 m2, 
Price:GH₵400,000, 3, 4, 10, 100 m2, 
Price:GH₵1,441,309, 4, 5, 1,000 m2, 
Price:GH₵1,740,448, 4, 5, 1, 560 m2, 
PriceGH₵1,087,780, 4, 4, 
PriceGH₵421,515, 2, 2, 2, 94 m2, 
PriceGH₵435,000, 2, 2, 117 m2, 
PriceGH₵459,575, 2, 1, 92 m2, 
PriceGH₵9,860,000, 5, 6, 2, 960 m2, 
PriceGH₵1,604,476, 4, 4, 2, 297 m2, 
PriceGH₵1,500,000, 3, 3, 2, 136 m2, 
PriceGH₵400,000, 2, 2, 
PriceGH₵1,196,558, 4, 4, 6, 
PriceGH₵2,312,000, 4, 5, 2, 205 m2, 
PriceGH₵928,000, 3, 3, 2, 
PriceGH₵9,518,075, 6, 6, 2, 856 m2, 
PriceGH₵1,903,615, 4, 4, 400 m2, 
PriceGH₵2,249,600, 3, 4, 
PriceGH₵7,070,570, 5, 5, 2, 
PriceGH₵3,535,285, 6, 8, 
PriceGH₵2,100,000, 3, 4, 
PriceGH₵1,462,500, 5, 4, 
Price:GH₵1,686,059, 3, 4, 1,000 m2, 
Price:GH₵400,000, 3, 4, 10, 100 m2, 
Price:GH₵1,441,309, 4, 5, 1,000 m2, 
Price:GH₵1,740,448, 4, 5, 1, 560 m2, 
PriceGH₵1,087,780, 4, 4, 
PriceGH₵421,515, 2, 2, 2, 94 m2, 
PriceGH₵435,000, 2, 2, 117 m2, 
PriceGH₵459,575, 2, 1, 92 m2, 
PriceGH₵9,860,000, 5, 6, 2, 960 m2, 
PriceGH₵1,604,476, 4, 4, 2, 297 m2, 
PriceGH₵1,500,000, 3, 3, 2, 136 m2, 
PriceGH₵400,000, 2, 2, 
PriceGH₵1,196,558, 4, 4, 6, 
PriceGH₵2,312,000, 4, 5, 2, 205 m2, 
PriceGH₵928,000, 3, 3, 2, 
PriceGH₵9,518,075, 6, 6, 2, 856 m2, 
PriceGH₵1,903,615, 4, 4, 400 m2, 
PriceGH₵2,249,600, 3, 4, 
PriceGH₵7,070,570, 5, 5, 2, 
PriceGH₵3,535,285, 6, 8, 
PriceGH₵2,100,000, 3, 4, 
PriceGH₵1,462,500, 5, 4, 
Price:GH₵1,686,059, 3, 4, 1,000 m2, 
Price:GH₵400,000, 3, 4, 10, 100 m2, 
Price:GH₵1,441,309, 4, 5, 1,000 m2, 
Price:GH₵1,740,448, 4, 5, 1, 560 m2, 
PriceGH₵1,087,780, 4, 4, 
PriceGH₵421,515, 2, 2, 2, 94 m2, 
PriceGH₵435,000, 2, 2, 117 m2, 
PriceGH₵459,575, 2, 1, 92 m2, 
PriceGH₵9,860,000, 5, 6, 2, 960 m2, 
PriceGH₵1,604,476, 4, 4, 2, 297 m2, 
PriceGH₵1,500,000, 3, 3, 2, 136 m2, 
PriceGH₵400,000, 2, 2, 
PriceGH₵1,196,558, 4, 4, 6, 
PriceGH₵2,312,000, 4, 5, 2, 205 m2, 
PriceGH₵928,000, 3, 3, 2, 
PriceGH₵9,518,075, 6, 6, 2, 856 m2, 
PriceGH₵1,903,615, 4, 4, 400 m2, 
PriceGH₵2,249,600, 3, 4, 
PriceGH₵7,070,570, 5, 5, 2, 
PriceGH₵3,535,285, 6, 8, 
PriceGH₵2,100,000, 3, 4, 
PriceGH₵1,462,500, 5, 4, 
Price:GH₵1,686,059, 3, 4, 1,000 m2, 
Price:GH₵400,000, 3, 4, 10, 100 m2, 
Price:GH₵1,441,309, 4, 5, 1,000 m2, 
Price:GH₵1,740,448, 4, 5, 1, 560 m2, 
PriceGH₵1,087,780, 4, 4, 
PriceGH₵421,515, 2, 2, 2, 94 m2, 
PriceGH₵435,000, 2, 2, 117 m2, 
PriceGH₵459,575, 2, 1, 92 m2, 
PriceGH₵9,860,000, 5, 6, 2, 960 m2, 
PriceGH₵1,604,476, 4, 4, 2, 297 m2, 
PriceGH₵1,500,000, 3, 3, 2, 136 m2, 
PriceGH₵400,000, 2, 2, 
PriceGH₵1,196,558, 4, 4, 6, 
PriceGH₵2,312,000, 4, 5, 2, 205 m2, 
PriceGH₵928,000, 3, 3, 2, 
PriceGH₵9,518,075, 6, 6, 2, 856 m2, 
PriceGH₵1,903,615, 4, 4, 400 m2, 
PriceGH₵2,249,600, 3, 4, 
PriceGH₵7,070,570, 5, 5, 2, 
PriceGH₵3,535,285, 6, 8, 
PriceGH₵2,100,000, 3, 4, 
PriceGH₵1,462,500, 5, 4, 
Price:GH₵1,686,059, 3, 4, 1,000 m2, 
Price:GH₵400,000, 3, 4, 10, 100 m2, 
Price:GH₵1,441,309, 4, 5, 1,000 m2, 
Price:GH₵1,740,448, 4, 5, 1, 560 m2, 
PriceGH₵1,087,780, 4, 4, 
PriceGH₵421,515, 2, 2, 2, 94 m2, 
PriceGH₵435,000, 2, 2, 117 m2, 
PriceGH₵459,575, 2, 1, 92 m2, 
PriceGH₵9,860,000, 5, 6, 2, 960 m2, 
PriceGH₵1,604,476, 4, 4, 2, 297 m2, 
PriceGH₵1,500,000, 3, 3, 2, 136 m2, 
PriceGH₵400,000, 2, 2, 
PriceGH₵1,196,558, 4, 4, 6, 
PriceGH₵2,312,000, 4, 5, 2, 205 m2, 
PriceGH₵928,000, 3, 3, 2, 
PriceGH₵9,518,075, 6, 6, 2, 856 m2, 
PriceGH₵1,903,615, 4, 4, 400 m2, 
PriceGH₵2,249,600, 3, 4, 
PriceGH₵7,070,570, 5, 5, 2, 
PriceGH₵3,535,285, 6, 8, 
PriceGH₵2,100,000, 3, 4, 
PriceGH₵1,462,500, 5, 4, 
Price:GH₵1,686,059, 3, 4, 1,000 m2, 
Price:GH₵400,000, 3, 4, 10, 100 m2, 
Price:GH₵1,441,309, 4, 5, 1,000 m2, 
Price:GH₵1,740,448, 4, 5, 1, 560 m2, 
PriceGH₵1,087,780, 4, 4, 
PriceGH₵421,515, 2, 2, 2, 94 m2, 
PriceGH₵435,000, 2, 2, 117 m2, 
PriceGH₵459,575, 2, 1, 92 m2, 
PriceGH₵9,860,000, 5, 6, 2, 960 m2, 
PriceGH₵1,604,476, 4, 4, 2, 297 m2, 
PriceGH₵1,500,000, 3, 3, 2, 136 m2, 
PriceGH₵400,000, 2, 2, 
PriceGH₵1,196,558, 4, 4, 6, 
PriceGH₵2,312,000, 4, 5, 2, 205 m2, 
PriceGH₵928,000, 3, 3, 2, 
PriceGH₵9,518,075, 6, 6, 2, 856 m2, 
PriceGH₵1,903,615, 4, 4, 400 m2, 
PriceGH₵2,249,600, 3, 4, 
PriceGH₵7,070,570, 5, 5, 2, 
PriceGH₵3,535,285, 6, 8, 
PriceGH₵2,100,000, 3, 4, 
PriceGH₵1,462,500, 5, 4, 
Price:GH₵1,686,059, 3, 4, 1,000 m2, 
Price:GH₵400,000, 3, 4, 10, 100 m2, 
Price:GH₵1,441,309, 4, 5, 1,000 m2, 
Price:GH₵1,740,448, 4, 5, 1, 560 m2, 
PriceGH₵1,087,780, 4, 4, 
PriceGH₵421,515, 2, 2, 2, 94 m2,